z = 1;
a = 5;
b = 10;
c = 100;
d 
e 
f